
0.1 0 199 50 0
0.1 1 121 50 0
0.2 0 198 50 0
0.2 1 122 50 0
0.3 0 197 50 0
0.3 1 123 50 0
0.4 0 196 50 0
0.4 1 124 50 0
0.5 0 195 50 0
0.5 1 125 50 0
0.6 0 194 50 0
0.6 1 126 50 0
0.7 0 193 50 0
0.7 1 127 50 0
0.8 0 192 50 0
0.8 1 128 50 0
0.9 0 191 50 0
0.9 1 129 50 0
1 0 190 50 0
1 1 130 50 0
1.1 0 189 50 0
1.1 1 131 50 0
1.2 0 188 50 0
1.2 1 132 50 0
1.3 0 187 50 0
1.3 1 133 50 0
1.4 0 186 50 0
1.4 1 134 50 0
1.5 0 185 50 0
1.5 1 135 50 0
1.6 0 184 50 0
1.6 1 136 50 0
1.7 0 183 50 0
1.7 1 137 50 0
1.8 0 182 50 0
1.8 1 138 50 0
1.9 0 181 50 0
1.9 1 139 50 0
2 0 180 50 0
2 1 140 50 0
2.1 0 179 50 0
2.1 1 141 50 0
2.2 0 178 50 0
2.2 1 142 50 0
2.3 0 177 50 0
2.3 1 143 50 0
2.4 0 176 50 0
2.4 1 144 50 0
2.5 0 175 50 0
2.5 1 145 50 0
2.6 0 174 50 0
2.6 1 146 50 0
2.7 0 173 50 0
2.7 1 147 50 0
2.8 0 172 50 0
2.8 1 148 50 0
2.9 0 171 50 0
2.9 1 149 50 0
3 0 170 50 0
3 1 150 50 0
3.1 0 169 50 0
3.1 1 151 50 0
3.2 0 168 50 0
3.2 1 152 50 0
3.3 0 167 50 0
3.3 1 153 50 0
3.4 0 166 50 0
3.4 1 154 50 0
3.5 0 165 50 0
3.5 1 155 50 0
3.6 0 164 50 0
3.6 1 156 50 0
3.7 0 163 50 0
3.7 1 157 50 0
3.8 0 162 50 0
3.8 1 158 50 0
3.9 0 161 50 0
3.9 1 159 50 0
4 0 160 50 0
4 1 160 50 0
4.1 0 159 50 0
4.1 1 161 50 0
4.2 0 158 50 0
4.2 1 162 50 0
4.3 0 157 50 0
4.3 1 163 50 0
4.4 0 156 50 0
4.4 1 164 50 0
4.5 0 155 50 0
4.5 1 165 50 0
4.6 0 154 50 0
4.6 1 166 50 0
4.7 0 153 50 0
4.7 1 167 50 0
4.8 0 152 50 0
4.8 1 168 50 0
4.9 0 151 50 0
4.9 1 169 50 0
5 0 150 50 0
5 1 170 50 0
5.1 0 149 50 0
5.1 1 171 50 0
5.2 0 148 50 0
5.2 1 172 50 0
5.3 0 147 50 0
5.3 1 173 50 0
5.4 0 146 50 0
5.4 1 174 50 0
5.5 0 145 50 0
5.5 1 175 50 0
5.6 0 144 50 0
5.6 1 176 50 0
5.7 0 143 50 0
5.7 1 177 50 0
5.8 0 142 50 0
5.8 1 178 50 0
5.9 0 141 50 0
5.9 1 179 50 0
6 0 140 50 0
6 1 180 50 0
6.1 0 139 50 0
6.1 1 181 50 0
6.2 0 138 50 0
6.2 1 182 50 0
6.3 0 137 50 0
6.3 1 183 50 0
6.4 0 136 50 0
6.4 1 184 50 0
6.5 0 135 50 0
6.5 1 185 50 0
6.6 0 134 50 0
6.6 1 186 50 0
6.7 0 133 50 0
6.7 1 187 50 0
6.8 0 132 50 0
6.8 1 188 50 0
6.9 0 131 50 0
6.9 1 189 50 0
7 0 130 50 0
7 1 190 50 0
7.1 0 129 50 0
7.1 1 191 50 0
7.2 0 128 50 0
7.2 1 192 50 0
7.3 0 127 50 0
7.3 1 193 50 0
7.4 0 126 50 0
7.4 1 194 50 0
7.5 0 125 50 0
7.5 1 195 50 0
7.6 0 124 50 0
7.6 1 196 50 0
7.7 0 123 50 0
7.7 1 197 50 0
7.8 0 122 50 0
7.8 1 198 50 0
7.9 0 121 50 0
7.9 1 199 50 0
8 0 120 50 0
8 1 200 50 0
8.1 0 119 50 0
8.1 1 199 50 0
8.2 0 118 50 0
8.2 1 198 50 0
8.3 0 117 50 0
8.3 1 197 50 0
8.4 0 116 50 0
8.4 1 196 50 0
8.5 0 115 50 0
8.5 1 195 50 0
8.6 0 114 50 0
8.6 1 194 50 0
8.7 0 113 50 0
8.7 1 193 50 0
8.8 0 112 50 0
8.8 1 192 50 0
8.9 0 111 50 0
8.9 1 191 50 0
9 0 110 50 0
9 1 190 50 0
9.1 0 109 50 0
9.1 1 189 50 0
9.2 0 108 50 0
9.2 1 188 50 0
9.3 0 107 50 0
9.3 1 187 50 0
9.4 0 106 50 0
9.4 1 186 50 0
9.5 0 105 50 0
9.5 1 185 50 0
9.6 0 104 50 0
9.6 1 184 50 0
9.7 0 103 50 0
9.7 1 183 50 0
9.8 0 102 50 0
9.8 1 182 50 0
9.9 0 101 50 0
9.9 1 181 50 0
10 0 100 50 0
10 1 180 50 0
10.1 0 99 50 0
10.1 1 179 50 0
10.2 0 98 50 0
10.2 1 178 50 0
10.3 0 97 50 0
10.3 1 177 50 0
10.4 0 96 50 0
10.4 1 176 50 0
10.5 0 95 50 0
10.5 1 175 50 0
10.6 0 94 50 0
10.6 1 174 50 0
10.7 0 93 50 0
10.7 1 173 50 0
10.8 0 92 50 0
10.8 1 172 50 0
10.9 0 91 50 0
10.9 1 171 50 0
11 0 90 50 0
11 1 170 50 0
11.1 0 89 50 0
11.1 1 169 50 0
11.2 0 88 50 0
11.2 1 168 50 0
11.3 0 87 50 0
11.3 1 167 50 0
11.4 0 86 50 0
11.4 1 166 50 0
11.5 0 85 50 0
11.5 1 165 50 0
11.6 0 84 50 0
11.6 1 164 50 0
11.7 0 83 50 0
11.7 1 163 50 0
11.8 0 82 50 0
11.8 1 162 50 0
11.9 0 81 50 0
11.9 1 161 50 0
12 0 80 50 0
12 1 160 50 0
12.1 0 79 50 0
12.1 1 159 50 0
12.2 0 78 50 0
12.2 1 158 50 0
12.3 0 77 50 0
12.3 1 157 50 0
12.4 0 76 50 0
12.4 1 156 50 0
12.5 0 75 50 0
12.5 1 155 50 0
12.6 0 74 50 0
12.6 1 154 50 0
12.7 0 73 50 0
12.7 1 153 50 0
12.8 0 72 50 0
12.8 1 152 50 0
12.9 0 71 50 0
12.9 1 151 50 0
13 0 70 50 0
13 1 150 50 0
13.1 0 69 50 0
13.1 1 149 50 0
13.2 0 68 50 0
13.2 1 148 50 0
13.3 0 67 50 0
13.3 1 147 50 0
13.4 0 66 50 0
13.4 1 146 50 0
13.5 0 65 50 0
13.5 1 145 50 0
13.6 0 64 50 0
13.6 1 144 50 0
13.7 0 63 50 0
13.7 1 143 50 0
13.8 0 62 50 0
13.8 1 142 50 0
13.9 0 61 50 0
13.9 1 141 50 0
14 0 60 50 0
14 1 140 50 0
14.1 0 59 50 0
14.1 1 139 50 0
14.2 0 58 50 0
14.2 1 138 50 0
14.3 0 57 50 0
14.3 1 137 50 0
14.4 0 56 50 0
14.4 1 136 50 0
14.5 0 55 50 0
14.5 1 135 50 0
14.6 0 54 50 0
14.6 1 134 50 0
14.7 0 53 50 0
14.7 1 133 50 0
14.8 0 52 50 0
14.8 1 132 50 0
14.9 0 51 50 0
14.9 1 131 50 0
15 0 50 50 0
15 1 130 50 0
15.1 0 49 50 0
15.1 1 129 50 0
15.2 0 48 50 0
15.2 1 128 50 0
15.3 0 47 50 0
15.3 1 127 50 0
15.4 0 46 50 0
15.4 1 126 50 0
15.5 0 45 50 0
15.5 1 125 50 0
15.6 0 44 50 0
15.6 1 124 50 0
15.7 0 43 50 0
15.7 1 123 50 0
15.8 0 42 50 0
15.8 1 122 50 0
15.9 0 41 50 0
15.9 1 121 50 0
16 0 40 50 0
16 1 120 50 0
16.1 0 39 50 0
16.1 1 121 50 0
16.2 0 38 50 0
16.2 1 122 50 0
16.3 0 37 50 0
16.3 1 123 50 0
16.4 0 36 50 0
16.4 1 124 50 0
16.5 0 35 50 0
16.5 1 125 50 0
16.6 0 34 50 0
16.6 1 126 50 0
16.7 0 33 50 0
16.7 1 127 50 0
16.8 0 32 50 0
16.8 1 128 50 0
16.9 0 31 50 0
16.9 1 129 50 0
17 0 30 50 0
17 1 130 50 0
17.1 0 29 50 0
17.1 1 131 50 0
17.2 0 28 50 0
17.2 1 132 50 0
17.3 0 27 50 0
17.3 1 133 50 0
17.4 0 26 50 0
17.4 1 134 50 0
17.5 0 25 50 0
17.5 1 135 50 0
17.6 0 24 50 0
17.6 1 136 50 0
17.7 0 23 50 0
17.7 1 137 50 0
17.8 0 22 50 0
17.8 1 138 50 0
17.9 0 21 50 0
17.9 1 139 50 0
18 0 20 50 0
18 1 140 50 0
18.1 0 19 50 0
18.1 1 141 50 0
18.2 0 18 50 0
18.2 1 142 50 0
18.3 0 17 50 0
18.3 1 143 50 0
18.4 0 16 50 0
18.4 1 144 50 0
18.5 0 15 50 0
18.5 1 145 50 0
18.6 0 14 50 0
18.6 1 146 50 0
18.7 0 13 50 0
18.7 1 147 50 0
18.8 0 12 50 0
18.8 1 148 50 0
18.9 0 11 50 0
18.9 1 149 50 0
19 0 10 50 0
19 1 150 50 0
19.1 0 9 50 0
19.1 1 151 50 0
19.2 0 8 50 0
19.2 1 152 50 0
19.3 0 7 50 0
19.3 1 153 50 0
19.4 0 6 50 0
19.4 1 154 50 0
19.5 0 5 50 0
19.5 1 155 50 0
19.6 0 6 50 0
19.6 1 156 50 0
19.7 0 7 50 0
19.7 1 157 50 0
19.8 0 8 50 0
19.8 1 158 50 0
19.9 0 9 50 0
19.9 1 159 50 0
20 0 10 50 0
20 1 160 50 0
20.1 0 11 50 0
20.1 1 161 50 0
20.2 0 12 50 0
20.2 1 162 50 0
20.3 0 13 50 0
20.3 1 163 50 0
20.4 0 14 50 0
20.4 1 164 50 0
20.5 0 15 50 0
20.5 1 165 50 0
20.6 0 16 50 0
20.6 1 166 50 0
20.7 0 17 50 0
20.7 1 167 50 0
20.8 0 18 50 0
20.8 1 168 50 0
20.9 0 19 50 0
20.9 1 169 50 0
21 0 20 50 0
21 1 170 50 0
21.1 0 21 50 0
21.1 1 171 50 0
21.2 0 22 50 0
21.2 1 172 50 0
21.3 0 23 50 0
21.3 1 173 50 0
21.4 0 24 50 0
21.4 1 174 50 0
21.5 0 25 50 0
21.5 1 175 50 0
21.6 0 26 50 0
21.6 1 176 50 0
21.7 0 27 50 0
21.7 1 177 50 0
21.8 0 28 50 0
21.8 1 178 50 0
21.9 0 29 50 0
21.9 1 179 50 0
22 0 30 50 0
22 1 180 50 0
22.1 0 31 50 0
22.1 1 181 50 0
22.2 0 32 50 0
22.2 1 182 50 0
22.3 0 33 50 0
22.3 1 183 50 0
22.4 0 34 50 0
22.4 1 184 50 0
22.5 0 35 50 0
22.5 1 185 50 0
22.6 0 36 50 0
22.6 1 186 50 0
22.7 0 37 50 0
22.7 1 187 50 0
22.8 0 38 50 0
22.8 1 188 50 0
22.9 0 39 50 0
22.9 1 189 50 0
23 0 40 50 0
23 1 190 50 0
23.1 0 41 50 0
23.1 1 191 50 0
23.2 0 42 50 0
23.2 1 192 50 0
23.3 0 43 50 0
23.3 1 193 50 0
23.4 0 44 50 0
23.4 1 194 50 0
23.5 0 45 50 0
23.5 1 195 50 0
23.6 0 46 50 0
23.6 1 196 50 0
23.7 0 47 50 0
23.7 1 197 50 0
23.8 0 48 50 0
23.8 1 198 50 0
23.9 0 49 50 0
23.9 1 199 50 0
24 0 50 50 0
24 1 200 50 0
24.1 0 51 50 0
24.1 1 199 50 0
24.2 0 52 50 0
24.2 1 198 50 0
24.3 0 53 50 0
24.3 1 197 50 0
24.4 0 54 50 0
24.4 1 196 50 0
24.5 0 55 50 0
24.5 1 195 50 0
24.6 0 56 50 0
24.6 1 194 50 0
24.7 0 57 50 0
24.7 1 193 50 0
24.8 0 58 50 0
24.8 1 192 50 0
24.9 0 59 50 0
24.9 1 191 50 0
25 0 60 50 0
25 1 190 50 0
25.1 0 61 50 0
25.1 1 189 50 0
25.2 0 62 50 0
25.2 1 188 50 0
25.3 0 63 50 0
25.3 1 187 50 0
25.4 0 64 50 0
25.4 1 186 50 0
25.5 0 65 50 0
25.5 1 185 50 0
25.6 0 66 50 0
25.6 1 184 50 0
25.7 0 67 50 0
25.7 1 183 50 0
25.8 0 68 50 0
25.8 1 182 50 0
25.9 0 69 50 0
25.9 1 181 50 0
26 0 70 50 0
26 1 180 50 0
26.1 0 71 50 0
26.1 1 179 50 0
26.2 0 72 50 0
26.2 1 178 50 0
26.3 0 73 50 0
26.3 1 177 50 0
26.4 0 74 50 0
26.4 1 176 50 0
26.5 0 75 50 0
26.5 1 175 50 0
26.6 0 76 50 0
26.6 1 174 50 0
26.7 0 77 50 0
26.7 1 173 50 0
26.8 0 78 50 0
26.8 1 172 50 0
26.9 0 79 50 0
26.9 1 171 50 0
27 0 80 50 0
27 1 170 50 0
27.1 0 81 50 0
27.1 1 169 50 0
27.2 0 82 50 0
27.2 1 168 50 0
27.3 0 83 50 0
27.3 1 167 50 0
27.4 0 84 50 0
27.4 1 166 50 0
27.5 0 85 50 0
27.5 1 165 50 0
27.6 0 86 50 0
27.6 1 164 50 0
27.7 0 87 50 0
27.7 1 163 50 0
27.8 0 88 50 0
27.8 1 162 50 0
27.9 0 89 50 0
27.9 1 161 50 0
28 0 90 50 0
28 1 160 50 0
28.1 0 91 50 0
28.1 1 159 50 0
28.2 0 92 50 0
28.2 1 158 50 0
28.3 0 93 50 0
28.3 1 157 50 0
28.4 0 94 50 0
28.4 1 156 50 0
28.5 0 95 50 0
28.5 1 155 50 0
28.6 0 96 50 0
28.6 1 154 50 0
28.7 0 97 50 0
28.7 1 153 50 0
28.8 0 98 50 0
28.8 1 152 50 0
28.9 0 99 50 0
28.9 1 151 50 0
29 0 100 50 0
29 1 150 50 0
29.1 0 101 50 0
29.1 1 149 50 0
29.2 0 102 50 0
29.2 1 148 50 0
29.3 0 103 50 0
29.3 1 147 50 0
29.4 0 104 50 0
29.4 1 146 50 0
29.5 0 105 50 0
29.5 1 145 50 0
29.6 0 106 50 0
29.6 1 144 50 0
29.7 0 107 50 0
29.7 1 143 50 0
29.8 0 108 50 0
29.8 1 142 50 0
29.9 0 109 50 0
29.9 1 141 50 0
30 0 110 50 0
30 1 140 50 0
30.1 0 111 50 0
30.1 1 139 50 0
30.2 0 112 50 0
30.2 1 138 50 0
30.3 0 113 50 0
30.3 1 137 50 0
30.4 0 114 50 0
30.4 1 136 50 0
30.5 0 115 50 0
30.5 1 135 50 0
30.6 0 116 50 0
30.6 1 134 50 0
30.7 0 117 50 0
30.7 1 133 50 0
30.8 0 118 50 0
30.8 1 132 50 0
30.9 0 119 50 0
30.9 1 131 50 0
31 0 120 50 0
31 1 130 50 0
31.1 0 121 50 0
31.1 1 129 50 0
31.2 0 122 50 0
31.2 1 128 50 0
31.3 0 123 50 0
31.3 1 127 50 0
31.4 0 124 50 0
31.4 1 126 50 0
31.5 0 125 50 0
31.5 1 125 50 0
31.6 0 126 50 0
31.6 1 124 50 0
31.7 0 127 50 0
31.7 1 123 50 0
31.8 0 128 50 0
31.8 1 122 50 0
31.9 0 129 50 0
31.9 1 121 50 0
32 0 130 50 0
32 1 120 50 0
32.1 0 131 50 0
32.1 1 121 50 0
32.2 0 132 50 0
32.2 1 122 50 0
32.3 0 133 50 0
32.3 1 123 50 0
32.4 0 134 50 0
32.4 1 124 50 0
32.5 0 135 50 0
32.5 1 125 50 0
32.6 0 136 50 0
32.6 1 126 50 0
32.7 0 137 50 0
32.7 1 127 50 0
32.8 0 138 50 0
32.8 1 128 50 0
32.9 0 139 50 0
32.9 1 129 50 0
33 0 140 50 0
33 1 130 50 0
33.1 0 141 50 0
33.1 1 131 50 0
33.2 0 142 50 0
33.2 1 132 50 0
33.3 0 143 50 0
33.3 1 133 50 0
33.4 0 144 50 0
33.4 1 134 50 0
33.5 0 145 50 0
33.5 1 135 50 0
33.6 0 146 50 0
33.6 1 136 50 0
33.7 0 147 50 0
33.7 1 137 50 0
33.8 0 148 50 0
33.8 1 138 50 0
33.9 0 149 50 0
33.9 1 139 50 0
34 0 150 50 0
34 1 140 50 0
34.1 0 151 50 0
34.1 1 141 50 0
34.2 0 152 50 0
34.2 1 142 50 0
34.3 0 153 50 0
34.3 1 143 50 0
34.4 0 154 50 0
34.4 1 144 50 0
34.5 0 155 50 0
34.5 1 145 50 0
34.6 0 156 50 0
34.6 1 146 50 0
34.7 0 157 50 0
34.7 1 147 50 0
34.8 0 158 50 0
34.8 1 148 50 0
34.9 0 159 50 0
34.9 1 149 50 0
35 0 160 50 0
35 1 150 50 0
35.1 0 161 50 0
35.1 1 151 50 0
35.2 0 162 50 0
35.2 1 152 50 0
35.3 0 163 50 0
35.3 1 153 50 0
35.4 0 164 50 0
35.4 1 154 50 0
35.5 0 165 50 0
35.5 1 155 50 0
35.6 0 166 50 0
35.6 1 156 50 0
35.7 0 167 50 0
35.7 1 157 50 0
35.8 0 168 50 0
35.8 1 158 50 0
35.9 0 169 50 0
35.9 1 159 50 0
36 0 170 50 0
36 1 160 50 0
36.1 0 171 50 0
36.1 1 161 50 0
36.2 0 172 50 0
36.2 1 162 50 0
36.3 0 173 50 0
36.3 1 163 50 0
36.4 0 174 50 0
36.4 1 164 50 0
36.5 0 175 50 0
36.5 1 165 50 0
36.6 0 176 50 0
36.6 1 166 50 0
36.7 0 177 50 0
36.7 1 167 50 0
36.8 0 178 50 0
36.8 1 168 50 0
36.9 0 179 50 0
36.9 1 169 50 0
37 0 180 50 0
37 1 170 50 0
37.1 0 181 50 0
37.1 1 171 50 0
37.2 0 182 50 0
37.2 1 172 50 0
37.3 0 183 50 0
37.3 1 173 50 0
37.4 0 184 50 0
37.4 1 174 50 0
37.5 0 185 50 0
37.5 1 175 50 0
37.6 0 186 50 0
37.6 1 176 50 0
37.7 0 187 50 0
37.7 1 177 50 0
37.8 0 188 50 0
37.8 1 178 50 0
37.9 0 189 50 0
37.9 1 179 50 0
38 0 190 50 0
38 1 180 50 0
38.1 0 191 50 0
38.1 1 181 50 0
38.2 0 192 50 0
38.2 1 182 50 0
38.3 0 193 50 0
38.3 1 183 50 0
38.4 0 194 50 0
38.4 1 184 50 0
38.5 0 195 50 0
38.5 1 185 50 0
38.6 0 196 50 0
38.6 1 186 50 0
38.7 0 197 50 0
38.7 1 187 50 0
38.8 0 198 50 0
38.8 1 188 50 0
38.9 0 199 50 0
38.9 1 189 50 0
39 0 200 50 0
39 1 190 50 0
39.1 0 199 50 0
39.1 1 191 50 0
39.2 0 198 50 0
39.2 1 192 50 0
39.3 0 197 50 0
39.3 1 193 50 0
39.4 0 196 50 0
39.4 1 194 50 0
39.5 0 195 50 0
39.5 1 195 50 0
39.6 0 194 50 0
39.6 1 196 50 0
39.7 0 193 50 0
39.7 1 197 50 0
39.8 0 192 50 0
39.8 1 198 50 0
39.9 0 191 50 0
39.9 1 199 50 0
40 0 190 50 0
40 1 200 50 0
40.1 0 189 50 0
40.1 1 199 50 0
40.2 0 188 50 0
40.2 1 198 50 0
40.3 0 187 50 0
40.3 1 197 50 0
40.4 0 186 50 0
40.4 1 196 50 0
40.5 0 185 50 0
40.5 1 195 50 0
40.6 0 184 50 0
40.6 1 194 50 0
40.7 0 183 50 0
40.7 1 193 50 0
40.8 0 182 50 0
40.8 1 192 50 0
40.9 0 181 50 0
40.9 1 191 50 0
41 0 180 50 0
41 1 190 50 0
41.1 0 179 50 0
41.1 1 189 50 0
41.2 0 178 50 0
41.2 1 188 50 0
41.3 0 177 50 0
41.3 1 187 50 0
41.4 0 176 50 0
41.4 1 186 50 0
41.5 0 175 50 0
41.5 1 185 50 0
41.6 0 174 50 0
41.6 1 184 50 0
41.7 0 173 50 0
41.7 1 183 50 0
41.8 0 172 50 0
41.8 1 182 50 0
41.9 0 171 50 0
41.9 1 181 50 0
42 0 170 50 0
42 1 180 50 0
42.1 0 169 50 0
42.1 1 179 50 0
42.2 0 168 50 0
42.2 1 178 50 0
42.3 0 167 50 0
42.3 1 177 50 0
42.4 0 166 50 0
42.4 1 176 50 0
42.5 0 165 50 0
42.5 1 175 50 0
42.6 0 164 50 0
42.6 1 174 50 0
42.7 0 163 50 0
42.7 1 173 50 0
42.8 0 162 50 0
42.8 1 172 50 0
42.9 0 161 50 0
42.9 1 171 50 0
43 0 160 50 0
43 1 170 50 0
43.1 0 159 50 0
43.1 1 169 50 0
43.2 0 158 50 0
43.2 1 168 50 0
43.3 0 157 50 0
43.3 1 167 50 0
43.4 0 156 50 0
43.4 1 166 50 0
43.5 0 155 50 0
43.5 1 165 50 0
43.6 0 154 50 0
43.6 1 164 50 0
43.7 0 153 50 0
43.7 1 163 50 0
43.8 0 152 50 0
43.8 1 162 50 0
43.9 0 151 50 0
43.9 1 161 50 0
44 0 150 50 0
44 1 160 50 0
44.1 0 149 50 0
44.1 1 159 50 0
44.2 0 148 50 0
44.2 1 158 50 0
44.3 0 147 50 0
44.3 1 157 50 0
44.4 0 146 50 0
44.4 1 156 50 0
44.5 0 145 50 0
44.5 1 155 50 0
44.6 0 144 50 0
44.6 1 154 50 0
44.7 0 143 50 0
44.7 1 153 50 0
44.8 0 142 50 0
44.8 1 152 50 0
44.9 0 141 50 0
44.9 1 151 50 0
45 0 140 50 0
45 1 150 50 0
45.1 0 139 50 0
45.1 1 149 50 0
45.2 0 138 50 0
45.2 1 148 50 0
45.3 0 137 50 0
45.3 1 147 50 0
45.4 0 136 50 0
45.4 1 146 50 0
45.5 0 135 50 0
45.5 1 145 50 0
45.6 0 134 50 0
45.6 1 144 50 0
45.7 0 133 50 0
45.7 1 143 50 0
45.8 0 132 50 0
45.8 1 142 50 0
45.9 0 131 50 0
45.9 1 141 50 0
46 0 130 50 0
46 1 140 50 0
46.1 0 129 50 0
46.1 1 139 50 0
46.2 0 128 50 0
46.2 1 138 50 0
46.3 0 127 50 0
46.3 1 137 50 0
46.4 0 126 50 0
46.4 1 136 50 0
46.5 0 125 50 0
46.5 1 135 50 0
46.6 0 124 50 0
46.6 1 134 50 0
46.7 0 123 50 0
46.7 1 133 50 0
46.8 0 122 50 0
46.8 1 132 50 0
46.9 0 121 50 0
46.9 1 131 50 0
47 0 120 50 0
47 1 130 50 0
47.1 0 119 50 0
47.1 1 129 50 0
47.2 0 118 50 0
47.2 1 128 50 0
47.3 0 117 50 0
47.3 1 127 50 0
47.4 0 116 50 0
47.4 1 126 50 0
47.5 0 115 50 0
47.5 1 125 50 0
47.6 0 114 50 0
47.6 1 124 50 0
47.7 0 113 50 0
47.7 1 123 50 0
47.8 0 112 50 0
47.8 1 122 50 0
47.9 0 111 50 0
47.9 1 121 50 0
48 0 110 50 0
48 1 120 50 0
48.1 0 109 50 0
48.1 1 121 50 0
48.2 0 108 50 0
48.2 1 122 50 0
48.3 0 107 50 0
48.3 1 123 50 0
48.4 0 106 50 0
48.4 1 124 50 0
48.5 0 105 50 0
48.5 1 125 50 0
48.6 0 104 50 0
48.6 1 126 50 0
48.7 0 103 50 0
48.7 1 127 50 0
48.8 0 102 50 0
48.8 1 128 50 0
48.9 0 101 50 0
48.9 1 129 50 0
49 0 100 50 0
49 1 130 50 0
49.1 0 99 50 0
49.1 1 131 50 0
49.2 0 98 50 0
49.2 1 132 50 0
49.3 0 97 50 0
49.3 1 133 50 0
49.4 0 96 50 0
49.4 1 134 50 0
49.5 0 95 50 0
49.5 1 135 50 0
49.6 0 94 50 0
49.6 1 136 50 0
49.7 0 93 50 0
49.7 1 137 50 0
49.8 0 92 50 0
49.8 1 138 50 0
49.9 0 91 50 0
49.9 1 139 50 0
50 0 90 50 0
50 1 140 50 0
50.1 0 89 50 0
50.1 1 141 50 0
50.2 0 88 50 0
50.2 1 142 50 0
50.3 0 87 50 0
50.3 1 143 50 0
50.4 0 86 50 0
50.4 1 144 50 0
50.5 0 85 50 0
50.5 1 145 50 0
50.6 0 84 50 0
50.6 1 146 50 0
50.7 0 83 50 0
50.7 1 147 50 0
50.8 0 82 50 0
50.8 1 148 50 0
50.9 0 81 50 0
50.9 1 149 50 0
51 0 80 50 0
51 1 150 50 0
51.1 0 79 50 0
51.1 1 151 50 0
51.2 0 78 50 0
51.2 1 152 50 0
51.3 0 77 50 0
51.3 1 153 50 0
51.4 0 76 50 0
51.4 1 154 50 0
51.5 0 75 50 0
51.5 1 155 50 0
51.6 0 74 50 0
51.6 1 156 50 0
51.7 0 73 50 0
51.7 1 157 50 0
51.8 0 72 50 0
51.8 1 158 50 0
51.9 0 71 50 0
51.9 1 159 50 0
52 0 70 50 0
52 1 160 50 0
52.1 0 69 50 0
52.1 1 161 50 0
52.2 0 68 50 0
52.2 1 162 50 0
52.3 0 67 50 0
52.3 1 163 50 0
52.4 0 66 50 0
52.4 1 164 50 0
52.5 0 65 50 0
52.5 1 165 50 0
52.6 0 64 50 0
52.6 1 166 50 0
52.7 0 63 50 0
52.7 1 167 50 0
52.8 0 62 50 0
52.8 1 168 50 0
52.9 0 61 50 0
52.9 1 169 50 0
53 0 60 50 0
53 1 170 50 0
53.1 0 59 50 0
53.1 1 171 50 0
53.2 0 58 50 0
53.2 1 172 50 0
53.3 0 57 50 0
53.3 1 173 50 0
53.4 0 56 50 0
53.4 1 174 50 0
53.5 0 55 50 0
53.5 1 175 50 0
53.6 0 54 50 0
53.6 1 176 50 0
53.7 0 53 50 0
53.7 1 177 50 0
53.8 0 52 50 0
53.8 1 178 50 0
53.9 0 51 50 0
53.9 1 179 50 0
54 0 50 50 0
54 1 180 50 0
54.1 0 49 50 0
54.1 1 181 50 0
54.2 0 48 50 0
54.2 1 182 50 0
54.3 0 47 50 0
54.3 1 183 50 0
54.4 0 46 50 0
54.4 1 184 50 0
54.5 0 45 50 0
54.5 1 185 50 0
54.6 0 44 50 0
54.6 1 186 50 0
54.7 0 43 50 0
54.7 1 187 50 0
54.8 0 42 50 0
54.8 1 188 50 0
54.9 0 41 50 0
54.9 1 189 50 0
55 0 40 50 0
55 1 190 50 0
55.1 0 39 50 0
55.1 1 191 50 0
55.2 0 38 50 0
55.2 1 192 50 0
55.3 0 37 50 0
55.3 1 193 50 0
55.4 0 36 50 0
55.4 1 194 50 0
55.5 0 35 50 0
55.5 1 195 50 0
55.6 0 34 50 0
55.6 1 196 50 0
55.7 0 33 50 0
55.7 1 197 50 0
55.8 0 32 50 0
55.8 1 198 50 0
55.9 0 31 50 0
55.9 1 199 50 0
56 0 30 50 0
56 1 200 50 0
56.1 0 29 50 0
56.1 1 199 50 0
56.2 0 28 50 0
56.2 1 198 50 0
56.3 0 27 50 0
56.3 1 197 50 0
56.4 0 26 50 0
56.4 1 196 50 0
56.5 0 25 50 0
56.5 1 195 50 0
56.6 0 24 50 0
56.6 1 194 50 0
56.7 0 23 50 0
56.7 1 193 50 0
56.8 0 22 50 0
56.8 1 192 50 0
56.9 0 21 50 0
56.9 1 191 50 0
57 0 20 50 0
57 1 190 50 0
57.1 0 19 50 0
57.1 1 189 50 0
57.2 0 18 50 0
57.2 1 188 50 0
57.3 0 17 50 0
57.3 1 187 50 0
57.4 0 16 50 0
57.4 1 186 50 0
57.5 0 15 50 0
57.5 1 185 50 0
57.6 0 14 50 0
57.6 1 184 50 0
57.7 0 13 50 0
57.7 1 183 50 0
57.8 0 12 50 0
57.8 1 182 50 0
57.9 0 11 50 0
57.9 1 181 50 0
58 0 10 50 0
58 1 180 50 0
58.1 0 9 50 0
58.1 1 179 50 0
58.2 0 8 50 0
58.2 1 178 50 0
58.3 0 7 50 0
58.3 1 177 50 0
58.4 0 6 50 0
58.4 1 176 50 0
58.5 0 5 50 0
58.5 1 175 50 0
58.6 0 6 50 0
58.6 1 174 50 0
58.7 0 7 50 0
58.7 1 173 50 0
58.8 0 8 50 0
58.8 1 172 50 0
58.9 0 9 50 0
58.9 1 171 50 0
59 0 10 50 0
59 1 170 50 0
59.1 0 11 50 0
59.1 1 169 50 0
59.2 0 12 50 0
59.2 1 168 50 0
59.3 0 13 50 0
59.3 1 167 50 0
59.4 0 14 50 0
59.4 1 166 50 0
59.5 0 15 50 0
59.5 1 165 50 0
59.6 0 16 50 0
59.6 1 164 50 0
59.7 0 17 50 0
59.7 1 163 50 0
59.8 0 18 50 0
59.8 1 162 50 0
59.9 0 19 50 0
59.9 1 161 50 0
60 0 20 50 0
60 1 160 50 0
60.1 0 21 50 0
60.1 1 159 50 0
60.2 0 22 50 0
60.2 1 158 50 0
60.3 0 23 50 0
60.3 1 157 50 0
60.4 0 24 50 0
60.4 1 156 50 0
60.5 0 25 50 0
60.5 1 155 50 0
60.6 0 26 50 0
60.6 1 154 50 0
60.7 0 27 50 0
60.7 1 153 50 0
60.8 0 28 50 0
60.8 1 152 50 0
60.9 0 29 50 0
60.9 1 151 50 0
61 0 30 50 0
61 1 150 50 0
61.1 0 31 50 0
61.1 1 149 50 0
61.2 0 32 50 0
61.2 1 148 50 0
61.3 0 33 50 0
61.3 1 147 50 0
61.4 0 34 50 0
61.4 1 146 50 0
61.5 0 35 50 0
61.5 1 145 50 0
61.6 0 36 50 0
61.6 1 144 50 0
61.7 0 37 50 0
61.7 1 143 50 0
61.8 0 38 50 0
61.8 1 142 50 0
61.9 0 39 50 0
61.9 1 141 50 0
62 0 40 50 0
62 1 140 50 0
62.1 0 41 50 0
62.1 1 139 50 0
62.2 0 42 50 0
62.2 1 138 50 0
62.3 0 43 50 0
62.3 1 137 50 0
62.4 0 44 50 0
62.4 1 136 50 0
62.5 0 45 50 0
62.5 1 135 50 0
62.6 0 46 50 0
62.6 1 134 50 0
62.7 0 47 50 0
62.7 1 133 50 0
62.8 0 48 50 0
62.8 1 132 50 0
62.9 0 49 50 0
62.9 1 131 50 0
63 0 50 50 0
63 1 130 50 0
63.1 0 51 50 0
63.1 1 129 50 0
63.2 0 52 50 0
63.2 1 128 50 0
63.3 0 53 50 0
63.3 1 127 50 0
63.4 0 54 50 0
63.4 1 126 50 0
63.5 0 55 50 0
63.5 1 125 50 0
63.6 0 56 50 0
63.6 1 124 50 0
63.7 0 57 50 0
63.7 1 123 50 0
63.8 0 58 50 0
63.8 1 122 50 0
63.9 0 59 50 0
63.9 1 121 50 0
64 0 60 50 0
64 1 120 50 0
64.1 0 61 50 0
64.1 1 121 50 0
64.2 0 62 50 0
64.2 1 122 50 0
64.3 0 63 50 0
64.3 1 123 50 0
64.4 0 64 50 0
64.4 1 124 50 0
64.5 0 65 50 0
64.5 1 125 50 0
64.6 0 66 50 0
64.6 1 126 50 0
64.7 0 67 50 0
64.7 1 127 50 0
64.8 0 68 50 0
64.8 1 128 50 0
64.9 0 69 50 0
64.9 1 129 50 0
65 0 70 50 0
65 1 130 50 0
65.1 0 71 50 0
65.1 1 131 50 0
65.2 0 72 50 0
65.2 1 132 50 0
65.3 0 73 50 0
65.3 1 133 50 0
65.4 0 74 50 0
65.4 1 134 50 0
65.5 0 75 50 0
65.5 1 135 50 0
65.6 0 76 50 0
65.6 1 136 50 0
65.7 0 77 50 0
65.7 1 137 50 0
65.8 0 78 50 0
65.8 1 138 50 0
65.9 0 79 50 0
65.9 1 139 50 0
66 0 80 50 0
66 1 140 50 0
66.1 0 81 50 0
66.1 1 141 50 0
66.2 0 82 50 0
66.2 1 142 50 0
66.3 0 83 50 0
66.3 1 143 50 0
66.4 0 84 50 0
66.4 1 144 50 0
66.5 0 85 50 0
66.5 1 145 50 0
66.6 0 86 50 0
66.6 1 146 50 0
66.7 0 87 50 0
66.7 1 147 50 0
66.8 0 88 50 0
66.8 1 148 50 0
66.9 0 89 50 0
66.9 1 149 50 0
67 0 90 50 0
67 1 150 50 0
67.1 0 91 50 0
67.1 1 151 50 0
67.2 0 92 50 0
67.2 1 152 50 0
67.3 0 93 50 0
67.3 1 153 50 0
67.4 0 94 50 0
67.4 1 154 50 0
67.5 0 95 50 0
67.5 1 155 50 0
67.6 0 96 50 0
67.6 1 156 50 0
67.7 0 97 50 0
67.7 1 157 50 0
67.8 0 98 50 0
67.8 1 158 50 0
67.9 0 99 50 0
67.9 1 159 50 0
68 0 100 50 0
68 1 160 50 0
68.1 0 101 50 0
68.1 1 161 50 0
68.2 0 102 50 0
68.2 1 162 50 0
68.3 0 103 50 0
68.3 1 163 50 0
68.4 0 104 50 0
68.4 1 164 50 0
68.5 0 105 50 0
68.5 1 165 50 0
68.6 0 106 50 0
68.6 1 166 50 0
68.7 0 107 50 0
68.7 1 167 50 0
68.8 0 108 50 0
68.8 1 168 50 0
68.9 0 109 50 0
68.9 1 169 50 0
69 0 110 50 0
69 1 170 50 0
69.1 0 111 50 0
69.1 1 171 50 0
69.2 0 112 50 0
69.2 1 172 50 0
69.3 0 113 50 0
69.3 1 173 50 0
69.4 0 114 50 0
69.4 1 174 50 0
69.5 0 115 50 0
69.5 1 175 50 0
69.6 0 116 50 0
69.6 1 176 50 0
69.7 0 117 50 0
69.7 1 177 50 0
69.8 0 118 50 0
69.8 1 178 50 0
69.9 0 119 50 0
69.9 1 179 50 0
70 0 120 50 0
70 1 180 50 0
70.1 0 121 50 0
70.1 1 181 50 0
70.2 0 122 50 0
70.2 1 182 50 0
70.3 0 123 50 0
70.3 1 183 50 0
70.4 0 124 50 0
70.4 1 184 50 0
70.5 0 125 50 0
70.5 1 185 50 0
70.6 0 126 50 0
70.6 1 186 50 0
70.7 0 127 50 0
70.7 1 187 50 0
70.8 0 128 50 0
70.8 1 188 50 0
70.9 0 129 50 0
70.9 1 189 50 0
71 0 130 50 0
71 1 190 50 0
71.1 0 131 50 0
71.1 1 191 50 0
71.2 0 132 50 0
71.2 1 192 50 0
71.3 0 133 50 0
71.3 1 193 50 0
71.4 0 134 50 0
71.4 1 194 50 0
71.5 0 135 50 0
71.5 1 195 50 0
71.6 0 136 50 0
71.6 1 196 50 0
71.7 0 137 50 0
71.7 1 197 50 0
71.8 0 138 50 0
71.8 1 198 50 0
71.9 0 139 50 0
71.9 1 199 50 0
72 0 140 50 0
72 1 200 50 0
72.1 0 141 50 0
72.1 1 199 50 0
72.2 0 142 50 0
72.2 1 198 50 0
72.3 0 143 50 0
72.3 1 197 50 0
72.4 0 144 50 0
72.4 1 196 50 0
72.5 0 145 50 0
72.5 1 195 50 0
72.6 0 146 50 0
72.6 1 194 50 0
72.7 0 147 50 0
72.7 1 193 50 0
72.8 0 148 50 0
72.8 1 192 50 0
72.9 0 149 50 0
72.9 1 191 50 0
73 0 150 50 0
73 1 190 50 0
73.1 0 151 50 0
73.1 1 189 50 0
73.2 0 152 50 0
73.2 1 188 50 0
73.3 0 153 50 0
73.3 1 187 50 0
73.4 0 154 50 0
73.4 1 186 50 0
73.5 0 155 50 0
73.5 1 185 50 0
73.6 0 156 50 0
73.6 1 184 50 0
73.7 0 157 50 0
73.7 1 183 50 0
73.8 0 158 50 0
73.8 1 182 50 0
73.9 0 159 50 0
73.9 1 181 50 0
74 0 160 50 0
74 1 180 50 0
74.1 0 161 50 0
74.1 1 179 50 0
74.2 0 162 50 0
74.2 1 178 50 0
74.3 0 163 50 0
74.3 1 177 50 0
74.4 0 164 50 0
74.4 1 176 50 0
74.5 0 165 50 0
74.5 1 175 50 0
74.6 0 166 50 0
74.6 1 174 50 0
74.7 0 167 50 0
74.7 1 173 50 0
74.8 0 168 50 0
74.8 1 172 50 0
74.9 0 169 50 0
74.9 1 171 50 0
75 0 170 50 0
75 1 170 50 0
75.1 0 171 50 0
75.1 1 169 50 0
75.2 0 172 50 0
75.2 1 168 50 0
75.3 0 173 50 0
75.3 1 167 50 0
75.4 0 174 50 0
75.4 1 166 50 0
75.5 0 175 50 0
75.5 1 165 50 0
75.6 0 176 50 0
75.6 1 164 50 0
75.7 0 177 50 0
75.7 1 163 50 0
75.8 0 178 50 0
75.8 1 162 50 0
75.9 0 179 50 0
75.9 1 161 50 0
76 0 180 50 0
76 1 160 50 0
76.1 0 181 50 0
76.1 1 159 50 0
76.2 0 182 50 0
76.2 1 158 50 0
76.3 0 183 50 0
76.3 1 157 50 0
76.4 0 184 50 0
76.4 1 156 50 0
76.5 0 185 50 0
76.5 1 155 50 0
76.6 0 186 50 0
76.6 1 154 50 0
76.7 0 187 50 0
76.7 1 153 50 0
76.8 0 188 50 0
76.8 1 152 50 0
76.9 0 189 50 0
76.9 1 151 50 0
77 0 190 50 0
77 1 150 50 0
77.1 0 191 50 0
77.1 1 149 50 0
77.2 0 192 50 0
77.2 1 148 50 0
77.3 0 193 50 0
77.3 1 147 50 0
77.4 0 194 50 0
77.4 1 146 50 0
77.5 0 195 50 0
77.5 1 145 50 0
77.6 0 196 50 0
77.6 1 144 50 0
77.7 0 197 50 0
77.7 1 143 50 0
77.8 0 198 50 0
77.8 1 142 50 0
77.9 0 199 50 0
77.9 1 141 50 0
78 0 200 50 0
78 1 140 50 0
78.1 0 199 50 0
78.1 1 139 50 0
78.2 0 198 50 0
78.2 1 138 50 0
78.3 0 197 50 0
78.3 1 137 50 0
78.4 0 196 50 0
78.4 1 136 50 0
78.5 0 195 50 0
78.5 1 135 50 0
78.6 0 194 50 0
78.6 1 134 50 0
78.7 0 193 50 0
78.7 1 133 50 0
78.8 0 192 50 0
78.8 1 132 50 0
78.9 0 191 50 0
78.9 1 131 50 0
79 0 190 50 0
79 1 130 50 0
79.1 0 189 50 0
79.1 1 129 50 0
79.2 0 188 50 0
79.2 1 128 50 0
79.3 0 187 50 0
79.3 1 127 50 0
79.4 0 186 50 0
79.4 1 126 50 0
79.5 0 185 50 0
79.5 1 125 50 0
79.6 0 184 50 0
79.6 1 124 50 0
79.7 0 183 50 0
79.7 1 123 50 0
79.8 0 182 50 0
79.8 1 122 50 0
79.9 0 181 50 0
79.9 1 121 50 0
80 0 180 50 0
80 1 120 50 0
80.1 0 179 50 0
80.1 1 121 50 0
80.2 0 178 50 0
80.2 1 122 50 0
80.3 0 177 50 0
80.3 1 123 50 0
80.4 0 176 50 0
80.4 1 124 50 0
80.5 0 175 50 0
80.5 1 125 50 0
80.6 0 174 50 0
80.6 1 126 50 0
80.7 0 173 50 0
80.7 1 127 50 0
80.8 0 172 50 0
80.8 1 128 50 0
80.9 0 171 50 0
80.9 1 129 50 0
81 0 170 50 0
81 1 130 50 0
81.1 0 169 50 0
81.1 1 131 50 0
81.2 0 168 50 0
81.2 1 132 50 0
81.3 0 167 50 0
81.3 1 133 50 0
81.4 0 166 50 0
81.4 1 134 50 0
81.5 0 165 50 0
81.5 1 135 50 0
81.6 0 164 50 0
81.6 1 136 50 0
81.7 0 163 50 0
81.7 1 137 50 0
81.8 0 162 50 0
81.8 1 138 50 0
81.9 0 161 50 0
81.9 1 139 50 0
82 0 160 50 0
82 1 140 50 0
82.1 0 159 50 0
82.1 1 141 50 0
82.2 0 158 50 0
82.2 1 142 50 0
82.3 0 157 50 0
82.3 1 143 50 0
82.4 0 156 50 0
82.4 1 144 50 0
82.5 0 155 50 0
82.5 1 145 50 0
82.6 0 154 50 0
82.6 1 146 50 0
82.7 0 153 50 0
82.7 1 147 50 0
82.8 0 152 50 0
82.8 1 148 50 0
82.9 0 151 50 0
82.9 1 149 50 0
83 0 150 50 0
83 1 150 50 0
83.1 0 149 50 0
83.1 1 151 50 0
83.2 0 148 50 0
83.2 1 152 50 0
83.3 0 147 50 0
83.3 1 153 50 0
83.4 0 146 50 0
83.4 1 154 50 0
83.5 0 145 50 0
83.5 1 155 50 0
83.6 0 144 50 0
83.6 1 156 50 0
83.7 0 143 50 0
83.7 1 157 50 0
83.8 0 142 50 0
83.8 1 158 50 0
83.9 0 141 50 0
83.9 1 159 50 0
84 0 140 50 0
84 1 160 50 0
84.1 0 139 50 0
84.1 1 161 50 0
84.2 0 138 50 0
84.2 1 162 50 0
84.3 0 137 50 0
84.3 1 163 50 0
84.4 0 136 50 0
84.4 1 164 50 0
84.5 0 135 50 0
84.5 1 165 50 0
84.6 0 134 50 0
84.6 1 166 50 0
84.7 0 133 50 0
84.7 1 167 50 0
84.8 0 132 50 0
84.8 1 168 50 0
84.9 0 131 50 0
84.9 1 169 50 0
85 0 130 50 0
85 1 170 50 0
85.1 0 129 50 0
85.1 1 171 50 0
85.2 0 128 50 0
85.2 1 172 50 0
85.3 0 127 50 0
85.3 1 173 50 0
85.4 0 126 50 0
85.4 1 174 50 0
85.5 0 125 50 0
85.5 1 175 50 0
85.6 0 124 50 0
85.6 1 176 50 0
85.7 0 123 50 0
85.7 1 177 50 0
85.8 0 122 50 0
85.8 1 178 50 0
85.9 0 121 50 0
85.9 1 179 50 0
86 0 120 50 0
86 1 180 50 0
86.1 0 119 50 0
86.1 1 181 50 0
86.2 0 118 50 0
86.2 1 182 50 0
86.3 0 117 50 0
86.3 1 183 50 0
86.4 0 116 50 0
86.4 1 184 50 0
86.5 0 115 50 0
86.5 1 185 50 0
86.6 0 114 50 0
86.6 1 186 50 0
86.7 0 113 50 0
86.7 1 187 50 0
86.8 0 112 50 0
86.8 1 188 50 0
86.9 0 111 50 0
86.9 1 189 50 0
87 0 110 50 0
87 1 190 50 0
87.1 0 109 50 0
87.1 1 191 50 0
87.2 0 108 50 0
87.2 1 192 50 0
87.3 0 107 50 0
87.3 1 193 50 0
87.4 0 106 50 0
87.4 1 194 50 0
87.5 0 105 50 0
87.5 1 195 50 0
87.6 0 104 50 0
87.6 1 196 50 0
87.7 0 103 50 0
87.7 1 197 50 0
87.8 0 102 50 0
87.8 1 198 50 0
87.9 0 101 50 0
87.9 1 199 50 0
88 0 100 50 0
88 1 200 50 0
88.1 0 99 50 0
88.1 1 199 50 0
88.2 0 98 50 0
88.2 1 198 50 0
88.3 0 97 50 0
88.3 1 197 50 0
88.4 0 96 50 0
88.4 1 196 50 0
88.5 0 95 50 0
88.5 1 195 50 0
88.6 0 94 50 0
88.6 1 194 50 0
88.7 0 93 50 0
88.7 1 193 50 0
88.8 0 92 50 0
88.8 1 192 50 0
88.9 0 91 50 0
88.9 1 191 50 0
89 0 90 50 0
89 1 190 50 0
89.1 0 89 50 0
89.1 1 189 50 0
89.2 0 88 50 0
89.2 1 188 50 0
89.3 0 87 50 0
89.3 1 187 50 0
89.4 0 86 50 0
89.4 1 186 50 0
89.5 0 85 50 0
89.5 1 185 50 0
89.6 0 84 50 0
89.6 1 184 50 0
89.7 0 83 50 0
89.7 1 183 50 0
89.8 0 82 50 0
89.8 1 182 50 0
89.9 0 81 50 0
89.9 1 181 50 0
90 0 80 50 0
90 1 180 50 0
90.1 0 79 50 0
90.1 1 179 50 0
90.2 0 78 50 0
90.2 1 178 50 0
90.3 0 77 50 0
90.3 1 177 50 0
90.4 0 76 50 0
90.4 1 176 50 0
90.5 0 75 50 0
90.5 1 175 50 0
90.6 0 74 50 0
90.6 1 174 50 0
90.7 0 73 50 0
90.7 1 173 50 0
90.8 0 72 50 0
90.8 1 172 50 0
90.9 0 71 50 0
90.9 1 171 50 0
91 0 70 50 0
91 1 170 50 0
91.1 0 69 50 0
91.1 1 169 50 0
91.2 0 68 50 0
91.2 1 168 50 0
91.3 0 67 50 0
91.3 1 167 50 0
91.4 0 66 50 0
91.4 1 166 50 0
91.5 0 65 50 0
91.5 1 165 50 0
91.6 0 64 50 0
91.6 1 164 50 0
91.7 0 63 50 0
91.7 1 163 50 0
91.8 0 62 50 0
91.8 1 162 50 0
91.9 0 61 50 0
91.9 1 161 50 0
92 0 60 50 0
92 1 160 50 0
92.1 0 59 50 0
92.1 1 159 50 0
92.2 0 58 50 0
92.2 1 158 50 0
92.3 0 57 50 0
92.3 1 157 50 0
92.4 0 56 50 0
92.4 1 156 50 0
92.5 0 55 50 0
92.5 1 155 50 0
92.6 0 54 50 0
92.6 1 154 50 0
92.7 0 53 50 0
92.7 1 153 50 0
92.8 0 52 50 0
92.8 1 152 50 0
92.9 0 51 50 0
92.9 1 151 50 0
93 0 50 50 0
93 1 150 50 0
93.1 0 49 50 0
93.1 1 149 50 0
93.2 0 48 50 0
93.2 1 148 50 0
93.3 0 47 50 0
93.3 1 147 50 0
93.4 0 46 50 0
93.4 1 146 50 0
93.5 0 45 50 0
93.5 1 145 50 0
93.6 0 44 50 0
93.6 1 144 50 0
93.7 0 43 50 0
93.7 1 143 50 0
93.8 0 42 50 0
93.8 1 142 50 0
93.9 0 41 50 0
93.9 1 141 50 0
94 0 40 50 0
94 1 140 50 0
94.1 0 39 50 0
94.1 1 139 50 0
94.2 0 38 50 0
94.2 1 138 50 0
94.3 0 37 50 0
94.3 1 137 50 0
94.4 0 36 50 0
94.4 1 136 50 0
94.5 0 35 50 0
94.5 1 135 50 0
94.6 0 34 50 0
94.6 1 134 50 0
94.7 0 33 50 0
94.7 1 133 50 0
94.8 0 32 50 0
94.8 1 132 50 0
94.9 0 31 50 0
94.9 1 131 50 0
95 0 30 50 0
95 1 130 50 0
95.1 0 29 50 0
95.1 1 129 50 0
95.2 0 28 50 0
95.2 1 128 50 0
95.3 0 27 50 0
95.3 1 127 50 0
95.4 0 26 50 0
95.4 1 126 50 0
95.5 0 25 50 0
95.5 1 125 50 0
95.6 0 24 50 0
95.6 1 124 50 0
95.7 0 23 50 0
95.7 1 123 50 0
95.8 0 22 50 0
95.8 1 122 50 0
95.9 0 21 50 0
95.9 1 121 50 0
96 0 20 50 0
96 1 120 50 0
96.1 0 19 50 0
96.1 1 121 50 0
96.2 0 18 50 0
96.2 1 122 50 0
96.3 0 17 50 0
96.3 1 123 50 0
96.4 0 16 50 0
96.4 1 124 50 0
96.5 0 15 50 0
96.5 1 125 50 0
96.6 0 14 50 0
96.6 1 126 50 0
96.7 0 13 50 0
96.7 1 127 50 0
96.8 0 12 50 0
96.8 1 128 50 0
96.9 0 11 50 0
96.9 1 129 50 0
97 0 10 50 0
97 1 130 50 0
97.1 0 9 50 0
97.1 1 131 50 0
97.2 0 8 50 0
97.2 1 132 50 0
97.3 0 7 50 0
97.3 1 133 50 0
97.4 0 6 50 0
97.4 1 134 50 0
97.5 0 5 50 0
97.5 1 135 50 0
97.6 0 6 50 0
97.6 1 136 50 0
97.7 0 7 50 0
97.7 1 137 50 0
97.8 0 8 50 0
97.8 1 138 50 0
97.9 0 9 50 0
97.9 1 139 50 0
98 0 10 50 0
98 1 140 50 0
98.1 0 11 50 0
98.1 1 141 50 0
98.2 0 12 50 0
98.2 1 142 50 0
98.3 0 13 50 0
98.3 1 143 50 0
98.4 0 14 50 0
98.4 1 144 50 0
98.5 0 15 50 0
98.5 1 145 50 0
98.6 0 16 50 0
98.6 1 146 50 0
98.7 0 17 50 0
98.7 1 147 50 0
98.8 0 18 50 0
98.8 1 148 50 0
98.9 0 19 50 0
98.9 1 149 50 0
99 0 20 50 0
99 1 150 50 0
99.1 0 21 50 0
99.1 1 151 50 0
99.2 0 22 50 0
99.2 1 152 50 0
99.3 0 23 50 0
99.3 1 153 50 0
99.4 0 24 50 0
99.4 1 154 50 0
99.5 0 25 50 0
99.5 1 155 50 0
99.6 0 26 50 0
99.6 1 156 50 0
99.7 0 27 50 0
99.7 1 157 50 0
99.8 0 28 50 0
99.8 1 158 50 0
99.9 0 29 50 0
99.9 1 159 50 0
100 0 30 50 0
