
0.1 0 0 0 0
0.2 0 1 0 0
0.3 0 2 1 0
0.4 0 3 1 0
0.5 0 4 2 0
0.6 0 5 2 0
0.7 0 6 2 0
0.8 0 7 3 0
0.9 0 8 3 0
1 0 9 4 0
1.1 0 9 4 0
1.2 0 10 5 0
1.3 0 11 5 0
1.4 0 12 5 0
1.5 0 13 6 0
1.6 0 14 6 0
1.7 0 15 7 0
1.8 0 16 7 0
1.9 0 17 8 0
2 0 18 8 0
2.1 0 19 8 0
2.2 0 19 9 0
2.3 0 20 9 0
2.4 0 21 10 0
2.5 0 22 10 0
2.6 0 23 11 0
2.7 0 24 11 0
2.8 0 25 11 0
2.9 0 26 12 0
3 0 27 12 0
3.1 0 28 13 0
3.2 0 28 13 0
3.3 0 29 14 0
3.4 0 30 14 0
3.5 0 31 14 0
3.6 0 32 15 0
3.7 0 33 15 0
3.8 0 34 16 0
3.9 0 35 16 0
4 0 36 17 0
4.1 0 37 17 0
4.2 0 38 17 0
4.3 0 38 18 0
4.4 0 39 18 0
4.5 0 40 19 0
4.6 0 41 19 0
4.7 0 42 19 0
4.8 0 43 20 0
4.9 0 44 20 0
5 0 45 21 0
5.1 0 46 21 0
5.2 0 47 22 0
5.3 0 47 22 0
5.4 0 48 22 0
5.5 0 49 23 0
5.6 0 50 23 0
5.7 0 51 24 0
5.8 0 52 24 0
5.9 0 53 25 0
6 0 54 25 0
6.1 0 55 25 0
6.2 0 56 26 0
6.3 0 57 26 0
6.4 0 57 27 0
6.5 0 58 27 0
6.6 0 59 28 0
6.7 0 60 28 0
6.8 0 61 28 0
6.9 0 62 29 0
7 0 63 29 0
7.1 0 64 30 0
7.2 0 65 30 0
7.3 0 66 31 0
7.4 0 66 31 0
7.5 0 67 31 0
7.6 0 68 32 0
7.7 0 69 32 0
7.8 0 70 33 0
7.9 0 71 33 0
8 0 72 34 0
8.1 0 73 34 0
8.2 0 74 34 0
8.3 0 75 35 0
8.4 0 76 35 0
8.5 0 76 36 0
8.6 0 77 36 0
8.7 0 78 37 0
8.8 0 79 37 0
8.9 0 80 37 0
9 0 81 38 0
9.1 0 82 38 0
9.2 0 83 39 0
9.3 0 84 39 0
9.4 0 85 39 0
9.5 0 85 40 0
9.6 0 86 40 0
9.7 0 87 41 0
9.8 0 88 41 0
9.9 0 89 42 0
10 0 90 42 0
10.1 0 91 42 0
10.2 0 92 43 0
10.3 0 93 43 0
10.4 0 94 44 0
10.5 0 95 44 0
10.6 0 95 45 0
10.7 0 96 45 0
10.8 0 97 45 0
10.9 0 98 46 0
11 0 99 46 0
11.1 0 100 47 0
11.2 0 101 47 0
11.3 0 102 48 0
11.4 0 103 48 0
11.5 0 104 48 0
11.6 0 104 49 0
11.7 0 105 49 0
11.8 0 106 50 0
11.9 0 107 50 0
12 0 108 51 0
12.1 0 109 51 0
12.2 0 110 51 0
12.3 0 111 52 0
12.4 0 112 52 0
12.5 0 113 53 0
12.6 0 114 53 0
12.7 0 114 54 0
12.8 0 115 54 0
12.9 0 116 54 0
13 0 117 55 0
13.1 0 118 55 0
13.2 0 119 56 0
13.3 0 120 56 0
13.4 0 121 56 0
13.5 0 122 57 0
13.6 0 123 57 0
13.7 0 123 58 0
13.8 0 124 58 0
13.9 0 125 59 0
14 0 126 59 0
14.1 0 127 59 0
14.2 0 128 60 0
14.3 0 129 60 0
14.4 0 130 61 0
14.5 0 131 61 0
14.6 0 132 62 0
14.7 0 133 62 0
14.8 0 133 62 0
14.9 0 134 63 0
15 0 135 63 0
15.1 0 136 64 0
15.2 0 137 64 0
15.3 0 138 65 0
15.4 0 139 65 0
15.5 0 140 65 0
15.6 0 141 66 0
15.7 0 142 66 0
15.8 0 142 67 0
15.9 0 143 67 0
16 0 144 68 0
16.1 0 145 68 0
16.2 0 146 68 0
16.3 0 147 69 0
16.4 0 148 69 0
16.5 0 149 70 0
16.6 0 150 70 0
16.7 0 151 71 0
16.8 0 152 71 0
16.9 0 152 71 0
17 0 153 72 0
17.1 0 154 72 0
17.2 0 155 73 0
17.3 0 156 73 0
17.4 0 157 74 0
17.5 0 158 74 0
17.6 0 159 74 0
17.7 0 160 75 0
17.8 0 161 75 0
17.9 0 162 76 0
18 0 162 76 0
18.1 0 163 76 0
18.2 0 164 77 0
18.3 0 165 77 0
18.4 0 166 78 0
18.5 0 167 78 0
18.6 0 168 79 0
18.7 0 169 79 0
18.8 0 170 79 0
18.9 0 171 80 0
19 0 171 80 0
19.1 0 172 81 0
19.2 0 173 81 0
19.3 0 174 82 0
19.4 0 175 82 0
19.5 0 176 82 0
19.6 0 177 83 0
19.7 0 178 83 0
19.8 0 179 84 0
19.9 0 179 84 0
20 0 179 85 0
20.1 0 179 86 0
20.2 0 178 87 0
20.3 0 178 88 0
20.4 0 178 89 0
20.5 0 178 90 0
20.6 0 178 91 0
20.7 0 178 92 0
20.8 0 178 93 0
20.9 0 178 94 0
21 0 178 95 0
21.1 0 178 96 0
21.2 0 178 97 0
21.3 0 178 98 0
21.4 0 178 99 0
21.5 0 178 100 0
21.6 0 177 101 0
21.7 0 177 102 0
21.8 0 177 103 0
21.9 0 177 104 0
22 0 177 105 0
22.1 0 177 106 0
22.2 0 177 107 0
22.3 0 177 108 0
22.4 0 177 109 0
22.5 0 177 110 0
22.6 0 177 110 0
22.7 0 177 110 0
22.8 0 178 111 0
22.9 0 178 112 0
23 0 179 113 0
23.1 0 180 114 0
23.2 0 180 115 0
23.3 0 181 116 0
23.4 0 181 116 0
23.5 0 182 117 0
23.6 0 182 118 0
23.7 0 183 119 0
23.8 0 183 120 0
23.9 0 184 121 0
24 0 184 121 0
24.1 0 185 122 0
24.2 0 185 123 0
24.3 0 186 124 0
24.4 0 186 125 0
24.5 0 187 126 0
24.6 0 188 127 0
24.7 0 188 127 0
24.8 0 189 128 0
24.9 0 189 129 0
25 0 190 130 0
25.1 0 190 131 0
25.2 0 190 131 0
25.3 0 190 130 0
25.4 0 190 129 0
25.5 0 190 128 0
25.6 0 190 127 0
25.7 0 190 126 0
25.8 0 189 125 0
25.9 0 189 124 0
26 0 189 123 0
26.1 0 189 122 0
26.2 0 189 121 0
26.3 0 189 120 0
26.4 0 189 119 0
26.5 0 189 118 0
26.6 0 189 117 0
26.7 0 188 116 0
26.8 0 188 115 0
26.9 0 188 114 0
27 0 188 113 0
27.1 0 188 112 0
27.2 0 188 111 0
27.3 0 188 110 0
27.4 0 188 109 0
27.5 0 187 108 0
27.6 0 187 107 0
27.7 0 187 106 0
27.8 0 187 105 0
27.9 0 187 104 0
28 0 187 103 0
28.1 0 187 102 0
28.2 0 187 101 0
28.3 0 187 100 0
28.4 0 186 99 0
28.5 0 186 98 0
28.6 0 186 97 0
28.7 0 186 96 0
28.8 0 186 96 0
28.9 0 185 96 0
29 0 184 95 0
29.1 0 183 95 0
29.2 0 183 94 0
29.3 0 182 94 0
29.4 0 181 93 0
29.5 0 180 93 0
29.6 0 179 92 0
29.7 0 178 92 0
29.8 0 177 91 0
29.9 0 176 91 0
30 0 176 90 0
30.1 0 175 90 0
30.2 0 174 89 0
30.3 0 173 89 0
30.4 0 172 88 0
30.5 0 171 88 0
30.6 0 170 87 0
30.7 0 169 87 0
30.8 0 169 86 0
30.9 0 168 86 0
31 0 167 85 0
31.1 0 166 85 0
31.2 0 165 84 0
31.3 0 164 84 0
31.4 0 163 84 0
31.5 0 162 83 0
31.6 0 161 83 0
31.7 0 161 82 0
31.8 0 160 82 0
31.9 0 159 81 0
32 0 158 81 0
32.1 0 157 80 0
32.2 0 156 80 0
32.3 0 155 79 0
32.4 0 154 79 0
32.5 0 154 78 0
32.6 0 153 78 0
32.7 0 152 77 0
32.8 0 151 77 0
32.9 0 150 76 0
33 0 149 76 0
33.1 0 148 75 0
33.2 0 147 75 0
33.3 0 147 74 0
33.4 0 146 74 0
33.5 0 145 73 0
33.6 0 144 73 0
33.7 0 143 72 0
33.8 0 142 72 0
33.9 0 141 71 0
34 0 140 71 0
34.1 0 140 71 0
34.2 0 139 70 0
34.3 0 138 70 0
34.4 0 137 69 0
34.5 0 136 69 0
34.6 0 135 68 0
34.7 0 134 68 0
34.8 0 133 67 0
34.9 0 133 67 0
35 0 132 66 0
35.1 0 131 66 0
35.2 0 130 65 0
35.3 0 129 65 0
35.4 0 128 64 0
35.5 0 127 64 0
35.6 0 126 63 0
35.7 0 126 63 0
35.8 0 125 62 0
35.9 0 124 62 0
36 0 123 61 0
36.1 0 122 61 0
36.2 0 121 60 0
36.3 0 120 60 0
36.4 0 119 59 0
36.5 0 119 59 0
36.6 0 118 58 0
36.7 0 117 58 0
36.8 0 116 58 0
36.9 0 115 57 0
37 0 114 57 0
37.1 0 113 56 0
37.2 0 112 56 0
37.3 0 112 55 0
37.4 0 111 55 0
37.5 0 110 54 0
37.6 0 109 54 0
37.7 0 108 53 0
37.8 0 107 53 0
37.9 0 106 52 0
38 0 105 52 0
38.1 0 105 51 0
38.2 0 104 51 0
38.3 0 103 50 0
38.4 0 102 50 0
38.5 0 101 49 0
38.6 0 100 49 0
38.7 0 99 48 0
38.8 0 98 48 0
38.9 0 98 47 0
39 0 97 47 0
39.1 0 96 46 0
39.2 0 95 46 0
39.3 0 94 45 0
39.4 0 93 45 0
39.5 0 92 45 0
39.6 0 91 44 0
39.7 0 91 44 0
39.8 0 90 43 0
39.9 0 89 43 0
40 0 88 42 0
40.1 0 87 42 0
40.2 0 86 41 0
40.3 0 85 41 0
40.4 0 84 40 0
40.5 0 83 40 0
40.6 0 83 39 0
40.7 0 82 39 0
40.8 0 81 38 0
40.9 0 80 38 0
41 0 79 37 0
41.1 0 78 37 0
41.2 0 77 36 0
41.3 0 76 36 0
41.4 0 76 35 0
41.5 0 75 35 0
41.6 0 74 34 0
41.7 0 73 34 0
41.8 0 72 33 0
41.9 0 71 33 0
42 0 70 32 0
42.1 0 69 32 0
42.2 0 69 32 0
42.3 0 68 31 0
42.4 0 67 31 0
42.5 0 66 30 0
42.6 0 65 30 0
42.7 0 64 29 0
42.8 0 63 29 0
42.9 0 62 28 0
43 0 62 28 0
43.1 0 61 27 0
43.2 0 60 27 0
43.3 0 59 26 0
43.4 0 58 26 0
43.5 0 57 25 0
43.6 0 56 25 0
43.7 0 55 24 0
43.8 0 55 24 0
43.9 0 54 23 0
44 0 53 23 0
44.1 0 53 23 0
44.2 0 54 23 0
44.3 0 55 23 0
44.4 0 56 23 0
44.5 0 57 23 0
44.6 0 58 23 0
44.7 0 59 23 0
44.8 0 60 23 0
44.9 0 61 23 0
45 0 62 23 0
45.1 0 63 23 0
45.2 0 64 23 0
45.3 0 65 23 0
45.4 0 66 23 0
45.5 0 67 23 0
45.6 0 68 23 0
45.7 0 69 23 0
45.8 0 70 23 0
45.9 0 71 23 0
46 0 72 24 0
46.1 0 73 24 0
46.2 0 74 24 0
46.3 0 75 24 0
46.4 0 76 24 0
46.5 0 77 24 0
46.6 0 78 24 0
46.7 0 79 24 0
46.8 0 80 24 0
46.9 0 81 24 0
47 0 82 24 0
47.1 0 83 24 0
47.2 0 84 24 0
47.3 0 85 24 0
47.4 0 86 24 0
47.5 0 87 24 0
47.6 0 88 24 0
47.7 0 89 24 0
47.8 0 90 24 0
47.9 0 91 24 0
48 0 92 24 0
48.1 0 93 24 0
48.2 0 94 24 0
48.3 0 95 24 0
48.4 0 96 24 0
48.5 0 97 24 0
48.6 0 98 24 0
48.7 0 99 24 0
48.8 0 100 24 0
48.9 0 101 24 0
49 0 102 25 0
49.1 0 103 25 0
49.2 0 104 25 0
49.3 0 105 25 0
49.4 0 106 25 0
49.5 0 107 25 0
49.6 0 108 25 0
49.7 0 109 25 0
49.8 0 110 25 0
49.9 0 111 25 0
50 0 112 25 0
50.1 0 113 25 0
50.2 0 114 25 0
50.3 0 115 25 0
50.4 0 116 25 0
50.5 0 117 25 0
50.6 0 118 25 0
50.7 0 119 25 0
50.8 0 120 25 0
50.9 0 121 25 0
51 0 122 25 0
51.1 0 123 25 0
51.2 0 124 25 0
51.3 0 125 25 0
51.4 0 126 25 0
51.5 0 127 25 0
51.6 0 128 25 0
51.7 0 129 25 0
51.8 0 130 25 0
51.9 0 131 25 0
52 0 132 26 0
52.1 0 133 26 0
52.2 0 134 26 0
52.3 0 135 26 0
52.4 0 136 26 0
52.5 0 137 26 0
52.6 0 138 26 0
52.7 0 139 26 0
52.8 0 140 26 0
52.9 0 141 26 0
53 0 142 26 0
53.1 0 143 26 0
53.2 0 144 26 0
53.3 0 145 26 0
53.4 0 146 26 0
53.5 0 147 26 0
53.6 0 148 26 0
53.7 0 149 26 0
53.8 0 150 26 0
53.9 0 151 26 0
54 0 152 26 0
54.1 0 153 26 0
54.2 0 154 26 0
54.3 0 155 26 0
54.4 0 156 26 0
54.5 0 157 26 0
54.6 0 157 26 0
54.7 0 156 27 0
54.8 0 155 27 0
54.9 0 154 28 0
55 0 153 28 0
55.1 0 152 28 0
55.2 0 151 29 0
55.3 0 150 29 0
55.4 0 150 30 0
55.5 0 149 30 0
55.6 0 148 31 0
55.7 0 147 31 0
55.8 0 146 32 0
55.9 0 145 32 0
56 0 144 32 0
56.1 0 143 33 0
56.2 0 142 33 0
56.3 0 141 34 0
56.4 0 141 34 0
56.5 0 140 35 0
56.6 0 139 35 0
56.7 0 138 35 0
56.8 0 137 36 0
56.9 0 136 36 0
57 0 135 37 0
57.1 0 134 37 0
57.2 0 133 38 0
57.3 0 132 38 0
57.4 0 131 38 0
57.5 0 131 39 0
57.6 0 130 39 0
57.7 0 129 40 0
57.8 0 128 40 0
57.9 0 127 41 0
58 0 126 41 0
58.1 0 125 41 0
58.2 0 124 42 0
58.3 0 123 42 0
58.4 0 122 43 0
58.5 0 122 43 0
58.6 0 121 44 0
58.7 0 120 44 0
58.8 0 119 44 0
58.9 0 118 45 0
59 0 117 45 0
59.1 0 116 46 0
59.2 0 115 46 0
59.3 0 114 47 0
59.4 0 113 47 0
59.5 0 113 47 0
59.6 0 112 48 0
59.7 0 111 48 0
59.8 0 110 49 0
59.9 0 109 49 0
60 0 108 50 0
60.1 0 107 50 0
60.2 0 106 50 0
60.3 0 105 51 0
60.4 0 104 51 0
60.5 0 104 52 0
60.6 0 103 52 0
60.7 0 102 53 0
60.8 0 101 53 0
60.9 0 100 54 0
61 0 99 54 0
61.1 0 98 54 0
61.2 0 97 55 0
61.3 0 96 55 0
61.4 0 95 56 0
61.5 0 95 56 0
61.6 0 94 57 0
61.7 0 94 57 0
61.8 0 94 57 0
61.9 0 95 58 0
62 0 96 59 0
62.1 0 96 59 0
62.2 0 97 60 0
62.3 0 98 61 0
62.4 0 99 61 0
62.5 0 99 62 0
62.6 0 100 63 0
62.7 0 101 64 0
62.8 0 101 64 0
62.9 0 102 65 0
63 0 103 66 0
63.1 0 103 66 0
63.2 0 104 67 0
63.3 0 105 68 0
63.4 0 106 69 0
63.5 0 106 69 0
63.6 0 107 70 0
63.7 0 108 71 0
63.8 0 108 71 0
63.9 0 109 72 0
64 0 110 73 0
64.1 0 111 74 0
64.2 0 111 74 0
64.3 0 112 75 0
64.4 0 113 76 0
64.5 0 113 76 0
64.6 0 114 77 0
64.7 0 115 78 0
64.8 0 116 78 0
64.9 0 116 79 0
65 0 117 80 0
65.1 0 118 81 0
65.2 0 118 81 0
65.3 0 119 82 0
65.4 0 120 83 0
65.5 0 120 83 0
65.6 0 121 84 0
65.7 0 122 85 0
65.8 0 123 86 0
65.9 0 123 86 0
66 0 124 87 0
66.1 0 125 88 0
66.2 0 125 88 0
66.3 0 126 89 0
66.4 0 127 90 0
66.5 0 128 90 0
66.6 0 128 91 0
66.7 0 129 92 0
66.8 0 130 93 0
66.9 0 130 93 0
67 0 131 94 0
67.1 0 132 95 0
67.2 0 132 95 0
67.3 0 133 96 0
67.4 0 134 97 0
67.5 0 135 98 0
67.6 0 135 98 0
67.7 0 136 99 0
67.8 0 137 100 0
67.9 0 137 100 0
68 0 138 101 0
68.1 0 139 102 0
68.2 0 140 103 0
68.3 0 140 103 0
68.4 0 141 104 0
68.5 0 142 105 0
68.6 0 142 105 0
68.7 0 143 106 0
68.8 0 144 107 0
68.9 0 144 107 0
69 0 145 108 0
69.1 0 146 109 0
69.2 0 147 110 0
69.3 0 147 110 0
69.4 0 148 111 0
69.5 0 149 112 0
69.6 0 149 112 0
69.7 0 150 113 0
69.8 0 151 114 0
69.9 0 152 115 0
70 0 152 115 0
70.1 0 153 116 0
70.2 0 154 117 0
70.3 0 154 117 0
70.4 0 155 118 0
70.5 0 156 119 0
70.6 0 157 120 0
70.7 0 157 120 0
70.8 0 158 121 0
70.9 0 159 122 0
71 0 159 122 0
71.1 0 159 122 0
71.2 0 159 121 0
71.3 0 159 120 0
71.4 0 159 119 0
71.5 0 159 118 0
71.6 0 158 117 0
71.7 0 158 116 0
71.8 0 158 115 0
71.9 0 158 114 0
72 0 158 114 0
72.1 0 157 113 0
72.2 0 157 112 0
72.3 0 157 111 0
72.4 0 157 110 0
72.5 0 157 109 0
72.6 0 156 108 0
72.7 0 156 107 0
72.8 0 156 106 0
72.9 0 156 105 0
73 0 156 104 0
73.1 0 155 103 0
73.2 0 155 102 0
73.3 0 155 101 0
73.4 0 155 100 0
73.5 0 155 99 0
73.6 0 154 98 0
73.7 0 154 97 0
73.8 0 154 96 0
73.9 0 154 95 0
74 0 154 94 0
74.1 0 153 93 0
74.2 0 153 92 0
74.3 0 153 91 0
74.4 0 153 90 0
74.5 0 153 89 0
74.6 0 152 88 0
74.7 0 152 87 0
74.8 0 152 86 0
74.9 0 152 85 0
75 0 152 84 0
75.1 0 151 83 0
75.2 0 151 82 0
75.3 0 151 81 0
75.4 0 151 80 0
75.5 0 151 79 0
75.6 0 150 78 0
75.7 0 150 77 0
75.8 0 150 76 0
75.9 0 150 75 0
76 0 150 74 0
76.1 0 149 73 0
76.2 0 149 72 0
76.3 0 149 71 0
76.4 0 149 70 0
76.5 0 148 69 0
76.6 0 148 68 0
76.7 0 148 67 0
76.8 0 148 66 0
76.9 0 148 66 0
77 0 147 65 0
77.1 0 147 64 0
77.2 0 147 63 0
77.3 0 147 62 0
77.4 0 147 61 0
77.5 0 146 60 0
77.6 0 146 59 0
77.7 0 146 58 0
77.8 0 146 57 0
77.9 0 146 56 0
78 0 145 55 0
78.1 0 145 54 0
78.2 0 145 53 0
78.3 0 145 52 0
78.4 0 145 51 0
78.5 0 144 50 0
78.6 0 144 49 0
78.7 0 144 48 0
78.8 0 144 47 0
78.9 0 144 46 0
79 0 143 45 0
79.1 0 143 44 0
79.2 0 143 43 0
79.3 0 143 42 0
79.4 0 143 41 0
79.5 0 142 40 0
79.6 0 142 39 0
79.7 0 142 38 0
79.8 0 142 37 0
79.9 0 142 36 0
80 0 141 35 0
80.1 0 141 34 0
80.2 0 141 33 0
80.3 0 141 32 0
80.4 0 141 31 0
80.5 0 140 30 0
80.6 0 140 30 0
80.7 0 141 31 0
80.8 0 141 32 0
80.9 0 141 33 0
81 0 142 34 0
81.1 0 142 35 0
81.2 0 142 36 0
81.3 0 142 37 0
81.4 0 143 38 0
81.5 0 143 39 0
81.6 0 143 40 0
81.7 0 144 41 0
81.8 0 144 42 0
81.9 0 144 43 0
82 0 144 44 0
82.1 0 145 45 0
82.2 0 145 46 0
82.3 0 145 47 0
82.4 0 146 48 0
82.5 0 146 48 0
82.6 0 146 49 0
82.7 0 146 50 0
82.8 0 147 51 0
82.9 0 147 52 0
83 0 147 53 0
83.1 0 148 54 0
83.2 0 148 55 0
83.3 0 148 56 0
83.4 0 148 57 0
83.5 0 149 58 0
83.6 0 149 59 0
83.7 0 149 60 0
83.8 0 150 61 0
83.9 0 150 62 0
84 0 150 63 0
84.1 0 150 64 0
84.2 0 151 65 0
84.3 0 151 66 0
84.4 0 151 67 0
84.5 0 151 68 0
84.6 0 152 69 0
84.7 0 152 70 0
84.8 0 152 71 0
84.9 0 153 71 0
85 0 153 72 0
85.1 0 153 73 0
85.2 0 153 74 0
85.3 0 154 75 0
85.4 0 154 76 0
85.5 0 154 77 0
85.6 0 155 78 0
85.7 0 155 79 0
85.8 0 155 80 0
85.9 0 155 81 0
86 0 156 82 0
86.1 0 156 83 0
86.2 0 156 84 0
86.3 0 157 85 0
86.4 0 157 86 0
86.5 0 157 87 0
86.6 0 157 88 0
86.7 0 158 89 0
86.8 0 158 90 0
86.9 0 158 91 0
87 0 159 92 0
87.1 0 159 93 0
87.2 0 159 94 0
87.3 0 159 95 0
87.4 0 160 95 0
87.5 0 160 96 0
87.6 0 160 97 0
87.7 0 161 98 0
87.8 0 161 99 0
87.9 0 161 100 0
88 0 161 101 0
88.1 0 162 102 0
88.2 0 162 103 0
88.3 0 162 104 0
88.4 0 163 105 0
88.5 0 163 106 0
88.6 0 163 107 0
88.7 0 163 108 0
88.8 0 164 109 0
88.9 0 164 110 0
89 0 164 111 0
89.1 0 165 112 0
89.2 0 165 113 0
89.3 0 165 114 0
89.4 0 165 115 0
89.5 0 166 116 0
89.6 0 166 117 0
89.7 0 166 118 0
89.8 0 166 118 0
89.9 0 167 119 0
90 0 167 120 0
90.1 0 167 121 0
90.2 0 168 122 0
90.3 0 168 123 0
90.4 0 168 124 0
90.5 0 168 125 0
90.6 0 169 126 0
90.7 0 169 127 0
90.8 0 169 128 0
90.9 0 170 129 0
91 0 170 130 0
91.1 0 170 131 0
91.2 0 170 131 0
91.3 0 169 131 0
91.4 0 168 131 0
91.5 0 167 132 0
91.6 0 166 132 0
91.7 0 165 132 0
91.8 0 164 132 0
91.9 0 163 133 0
92 0 162 133 0
92.1 0 161 133 0
92.2 0 160 133 0
92.3 0 159 133 0
92.4 0 158 134 0
92.5 0 157 134 0
92.6 0 157 134 0
92.7 0 156 134 0
92.8 0 155 135 0
92.9 0 154 135 0
93 0 153 135 0
93.1 0 152 135 0
93.2 0 151 135 0
93.3 0 150 136 0
93.4 0 149 136 0
93.5 0 148 136 0
93.6 0 147 136 0
93.7 0 146 137 0
93.8 0 145 137 0
93.9 0 144 137 0
94 0 143 137 0
94.1 0 142 137 0
94.2 0 141 138 0
94.3 0 140 138 0
94.4 0 139 138 0
94.5 0 138 138 0
94.6 0 137 139 0
94.7 0 136 139 0
94.8 0 135 139 0
94.9 0 134 139 0
95 0 133 139 0
95.1 0 132 140 0
95.2 0 131 140 0
95.3 0 130 140 0
95.4 0 129 140 0
95.5 0 128 141 0
95.6 0 127 141 0
95.7 0 126 141 0
95.8 0 125 141 0
95.9 0 124 141 0
96 0 123 142 0
96.1 0 122 142 0
96.2 0 121 142 0
96.3 0 120 142 0
96.4 0 119 143 0
96.5 0 118 143 0
96.6 0 118 143 0
96.7 0 117 143 0
96.8 0 116 143 0
96.9 0 115 144 0
97 0 114 144 0
97.1 0 113 144 0
97.2 0 112 144 0
97.3 0 111 145 0
97.4 0 110 145 0
97.5 0 109 145 0
97.6 0 108 145 0
97.7 0 107 145 0
97.8 0 106 146 0
97.9 0 105 146 0
98 0 104 146 0
98.1 0 103 146 0
98.2 0 102 147 0
98.3 0 101 147 0
98.4 0 100 147 0
98.5 0 99 147 0
98.6 0 98 147 0
98.7 0 97 148 0
98.8 0 96 148 0
98.9 0 95 148 0
99 0 94 148 0
99.1 0 93 149 0
99.2 0 92 149 0
99.3 0 91 149 0
99.4 0 90 149 0
99.5 0 89 149 0
99.6 0 88 150 0
99.7 0 87 150 0
99.8 0 86 150 0
99.9 0 85 150 0
100 0 84 151 0
